14719
14781
13630
15232
15798
13336
13680
10179
13741
12846
12756
15765
12932
12440
16142
12681
13448
14666
12889
13945
12958
13392
14189
12653
14762
12637
12698
15443
13013
12676
15264
12509
16030
12211
12684
12561
14886
13237
12875
12776
13041
15110
12894
12413
15735
13276
13119
13233
13347
14903
12681
14954
13127
13154
13554
13191
14134
13127
13472
14238
12638
13496
15303
13788
13457
13252
14940
14598
13206
13747
15052
13413
13279
12774
13473
14519
13267
13530
14688
13103
12734
13532
13269
14638
12680
12975
15632
13445
13247
14462
13704
14931
13941
15168
13838
13769
14780
13536
13861
13778
13981
16079
13938
13966
14866
12761
13772
14017
13666
15178
13833
13759
14733
13977
14031
12654
13016
15425
13439
12972
15461
12666
12677
12943
12998
15365
11686
12829
15524
12885
12484
12461
12874
15376
12491
11919
14626
12921
12033
12492
13360
14777
12926
12562
14514
13091
6760
11803
12666
14549
12401
15101
12595
12955
15590
13881
12620
13086
12845
14097
12839
12602
15584
12947
12678
12588
12865
12870
12013
14284
13084
12156
13796
12328
12181
12998
12468
15208
13070
13111
15050
12626
14979
12910
15251
15561
22573
15425
12489
12411
13115
15204
13624
13608
12477
7707
5951
8215
9438
9765
18516
13319
12842
12724
25496
12941
12465
12757
15597
13020
12641
15360
12864
12991
12419
12666
14089
13301
12991
15275
12536
12947
13011
14434
12575
12987
12562
12847
14690
12385
13263
14742
12914
13295
13199
13436
11515
12900
13416
15825
12872
23761
13428
14920
14777
12956
13592
14208
12729
12790
13480
13294
15753
12004
12835
14945
13519
12959
12711
13398
15179
12932
13279
16039
13454
21157
13273
13392
14798
13707
13372
14858
13027
12754
13202
12439
15068
12653
12732
15204
12995
13703
12996
23880
12830
12049
12525
12641
12209
12101
12513
14187
12645
12234
14991
12524
12721
12414
12125
15050
12683
12436
15044
13030
12967
12378
12842
15521
13295
13090
14562
12329
13335
13381
12794
14596
13269
12380
14420
12736
12745
13559
12866
14578
13261
13327
13981
12731
15353
12615
13263
12690
12021
16604
7058
12943
15367
13273
13508
13477
12882
12779
13381
15726
12904
12755
16076
13250
13275
13039
12797
15777
13338
12748
15854
13255
13215
12411
13015
13263
12176
15523
12858
11923
14991
13408
12849
13093
13317
14775
12985
12768
14883
13262
12759
11897
13267
15898
11788
12971
12141
12228
16100
12785
12839
13363
13271
14850
12830
13191
14759
15424
12802
12120
15492
12327
13162
13264
13271
12810
14390
13031
13464
15901
12650
13081
13367
13306
14297
14386
13584
15101
13758
12940
13150
15015
12800
12309
12092
15380
12786
12476
14239
13260
14606
13277
13119
14634
14573
14023
14738
12852
14795
14794
13063
13391
12561
14731
13360
13169
14178
13925
13196
13993
13123
15107
12790
13756
15645
13554
12824
13002
13118
15375
12854
14242
15435
13454
14879
13196
12706
9174
11189
8045
15033
13568
13544
14430
13169
14960
13125
14861
13081
14713
14742
16217
12720
13259
14606
13949
15050
12814
13224
14309
12896
14994
30326
13163
14396
11946
13958
13387
12047
14339
13195
13379
15904
13119
12019
13271
13097
15286
12619
13283
15155
12742
12929
13506
13220
14393
12832
13132
14713
13189
12730
12824
13089
13505
12844
15899
13236
12358
9522
13023
13426
13672
12479
13227
12500
13103
13193
11944
12688
14823
12288
12717
14388
13052
13211
12654
12812
15928
13262
13026
14432
13255
13592
12817
12930
13816
13303
15709
12822
12807
14765
13223
12864
12630
12277
15667
12728
13787
13422
13210
12861
15193
13271
13494
14791
12892
12458
13301
14273
14620
12669
15124
13215
12846
15525
13836
13152
12914
12939
15034
13165
13535
14406
12884
13407
13261
12662
13873
13302
13540
14467
13004
13428
12426
12822
12762
14729
13301
12650
13115
12817
15071
13580
15428
12770
13159
15589
13060
12682
13632
12897
14679
13512
14186
16242
13345
12944
15055
13437
15938
12316
13123
16986
12370
12862
13275
13057
15536
13582
12916
15121
12983
12385
13340
13608
14955
12758
13567
17040
12911
13007
12460
13309
15422
12135
13664
14982
13576
12994
12911
13308
15247
12850
12558
16132
13592
15801
13030
13483
12041
12843
15314
12602
13114
16297
14618
13209
13307
15072
12972
12870
12333
13275
14655
12205
13323
16007
12202
13226
13271
16407
15405
12744
13127
14559
13192
36181
12894
13301
18142
12934
12945
18351
13440
12899
12316
13287
15444
12134
12999
15808
13451
13676
12932
15751
9112
6535
15665
12916
14690
13617
12969
15506
13404
13625
12985
13104
13556
13226
12811
12807
15894
13761
13544
15320
12898
13396
13252
12962
15372
13621
13304
15513
13187
15781
13135
12662
14501
13373
15878
13133
12656
13080
12990
15651
12670
12526
16016
13178
12823
12728
12994
15190
12947
13147
13625
15347
13486
24522
12776
15292
14353
13412
13924
13007
13738
13264
13464
15763
14703
12798
13500
13140
14865
13693
13280
12616
15372
13223
13351
15684
12735
13167
13492
12678
15413
13678
14955
12886
13552
13317
13558
14446
13273
12952
14732
13222
12911
13765
14554
14883
12990
14982
14859
13711
14687
12709
13178
13917
13338
13510
14294
12766
12730
13094
12775
15087
13284
13270
15707
14250
14084
14868
14221
25812
12948
9719
15048
29140
13709
7942
5826
4644
3636
7255
9070
8027
7880
6504
12414
14564
13231
11280
12617
21097
12449
11790
14806
12617
12167
13969
12776
12124
12023
11945
12489
12152
15456
13539
16168
14350
12850
15082
11667
12549
12894
11882
15037
12562
12116
14489
12640
12750
13098
15264
16922
12884
12734
16345
13356
12855
11882
13239
14778
11664
15249
13338
14164
13179
15437
12832
13346
15888
10578
5936
5441
6208
7425
5617
15892
13127
12875
12068
13377
15055
12678
12782
12812
13463
15877
12887
15717
15735
13252
15491
12982
13084
15305
12605
12914
14906
13182
12824
12364
13002
13067
12836
15276
13066
13174
15958
12701
14813
13266
13370
11860
12821
13147
13919
14445
12979
12325
16142
13223
12598
13062
13491
14951
12970
12901
15191
13490
12991
13019
13327
14948
12108
12854
15072
12355
13258
12950
12097
13371
14439
16928
14052
15282
13836
13223
13384
12395
15418
13141
13380
14290
12817
12326
13220
12361
15637
13267
13122
14531
12702
13103
13237
13343
15266
11881
13352
15924
13103
12851
13263
12136
avg: 13569
