18663136
12519690
8349099
9006954
9671925
11592097
7862243
7610186
9045250
10243546
11111937
11671356
11660885
11067906
9521347
8970033
8408045
6726850
12942153
8218538
11600913
10265657
8454775
7820341
9373620
6739925
9819953
9533667
9720503
10946501
11080547
10519318
10292909
10412633
9220781
11839049
6871001
12337409
10733258
11646916
12188155
8973577
9095628
7350570
10494311
7681047
9196389
7481570
8952802
6588429
9619261
10062525
9713412
8880747
9255184
8608348
7439011
7673294
7247814
9652743
10066361
8929452
8713247
9782783
9446329
8651488
7631612
9921559
7724024
10173418
7808051
7729517
8781083
6921322
9447958
8484389
9984683
10276832
9690594
10533746
10635982
10579639
11604480
9497503
8743979
10673891
6773280
8160163
9849950
9460245
9206715
8321517
7305306
8799477
9657094
6904193
9306454
9387504
11154693
10526821
12183934
11441539
9838850
8876528
10956556
9703867
9316738
10248968
10005047
11186166
10630353
10809427
10118434
8584801
8221268
7308159
7793999
12244633
6825149
8562652
8058272
9454119
7950413
9110922
7448649
8098686
5795238
8416249
5862320
8052942
8305961
7055116
8262450
8434338
8518817
9368421
10345486
7954043
8154394
9232174
12150302
7118621
9417951
7962949
7222049
6361616
6784065
7005483
7175906
6037855
8475079
6320656
6169172
6981625
10123446
10281711
9718964
8843814
7686574
9387026
9561145
9552897
8837907
8957250
8297574
8561730
7905676
12357215
9930942
10914445
10101145
10348201
12193436
9967648
9314866
9650255
7495477
9829410
9657747
10527902
8574201
11334837
9195996
10164614
12027910
10103540
8756885
11812572
10035707
10268377
10155866
10572833
9627024
12516567
6962498
8724584
11070403
8475757
8647729
12001668
9312388
8656218
8145914
7920804
7704597
5207690
5707051
9094635
7635751
7113866
9084120
7967838
8690367
9459959
8567811
7625306
9501717
11679176
7996049
8837603
11963819
9757047
11259961
8849255
8170304
7606144
6672072
9363472
8589797
7167882
9837453
8080332
11229547
11876547
10366180
12146067
10782706
10659486
11670723
9843427
9488931
7254085
9818492
7956064
9564039
8235844
9413317
7520381
9778030
9484566
9600002
9609256
6989167
8466411
6096008
6276461
11087543
8592762
7866998
9266407
9868107
11123448
8159385
8569595
9467602
8429317
10448678
7021703
7320077
6225259
6299015
8513570
6488399
6373259
8823886
8277675
6973482
9613655
11432197
10482102
8031048
10124028
7381903
9774180
12199128
10444803
8868552
9250012
7248299
9344211
7319000
9335952
8488631
9411315
9084179
8370372
7219880
7791131
7216585
7532333
8652846
9375655
8197179
9840603
8831749
8851071
11666110
7195683
12019768
9297652
10295800
9538159
8093188
10775949
10303077
11379642
11030726
11573031
8230102
11163155
7899346
11124612
9026808
9468183
8001241
9617039
7616922
9909615
9993425
10704348
10034331
9542119
10551184
9773099
11448239
10163880
9986660
8772670
9471352
9557157
7898575
9370984
9667075
8877276
10063484
10409446
10467333
8624300
9432894
8289419
10199221
9141089
10596666
9954187
10564844
8493690
12117019
10068692
9941775
9485315
8130382
9300701
7658139
8573527
11501224
12058594
10845371
9888363
11865814
11753546
11869727
10395747
10202765
10007489
10639170
9132817
7966006
8373267
6590589
12102385
9945633
11994948
7399152
9517171
12434613
7776442
9212100
10016012
12710615
10429312
9524551
10724733
7421912
10077097
8585166
12485500
10727769
11227598
12070991
9198173
9417860
9723507
9459490
10256311
7579550
7954034
9047883
8286602
10484343
8450249
12504586
9197507
10103463
8977875
11269926
8276370
9255005
10561903
9913632
9295542
8466572
8910796
9792922
8028879
8184893
8029650
7814533
9439466
7889270
9328465
8353554
7691598
6852318
6964904
6422449
9052150
6397326
6571861
9272271
6601735
6808520
9249905
10754651
10870365
10554620
9198702
9684185
8689908
8278678
8896291
9703121
9805987
8150462
8799843
8581222
9899253
9933532
8582145
9636496
10046868
8672083
9934718
12087618
9740668
9945477
8590491
7635385
7111163
10223109
8408362
7939088
8063791
10574560
9543703
8605850
11840669
10268439
10050190
8702628
9651603
9402894
8550841
8250574
9527385
8531637
9264571
7775840
9444667
8008649
9483726
7407865
10564043
10900580
10571847
10965874
9737099
9634221
10530044
7949934
8707256
8011040
9060501
6129827
10772301
9055349
7525945
9438190
8688559
6872032
9910792
8382323
6894163
7391044
8796152
7130844
7283603
7262189
8329178
7068589
6567528
8729898
6558468
8016455
9308819
7158793
7737756
6946702
8175828
6210111
7525452
8676977
7382404
10296141
7508661
9377707
9020807
9233495
7771486
11109051
9088574
9656957
7621642
9734448
8001915
9980299
9770087
9554361
9248236
7308299
10362045
6913875
9444261
8123734
8049390
8902023
5668876
7205884
6104933
5595403
9249702
8526624
7173846
6751470
10361582
6638960
8874730
7884860
10170701
6640375
7965278
8918429
8287894
7972444
9547303
11640993
8729641
9203468
8955782
12165164
11546787
10321150
10279466
9113365
9911632
6446599
7570502
12086230
7402125
9844137
8435815
9378227
7511343
9161916
9355952
7597637
9365091
8246045
8589512
8455378
7650771
10916730
6927728
8568528
6639575
6302328
9354725
11780688
8141586
9536243
12779631
10634320
8365025
9811213
7089803
8599669
9995172
7144718
10065322
7608578
9262511
9656651
12259595
9125644
12134218
10404398
8511669
9429870
13207996
12413456
12605351
6894307
10918016
8872403
9283066
8047720
9463994
7302585
9641360
9292862
10527318
8295897
9495448
7237650
11592831
9991053
9774950
9168048
7731641
6571233
7593094
6918188
7239323
8757614
8143061
7193748
6696402
8979317
8962742
9172245
7929944
7263748
12045178
9001665
9363462
6731295
8864446
6473281
9222847
9011957
10308934
7790859
8833782
8475882
8963600
8992966
10552758
9779984
9419998
9820309
9988665
9938535
9810454
10776781
9558089
7209305
10863358
9903754
7493678
9045960
12148869
8395181
8869920
8847789
8033862
7595829
7727648
8645672
7313078
6192454
7265407
6339412
6946243
5628035
9178707
9178105
6827674
9812689
9192279
7909661
8877264
8549202
9878448
8583447
7194790
9534639
12244894
11601011
10515410
8723929
10086649
6633451
9308404
8392958
8115907
11013405
7884831
8064751
9865135
9540571
11829816
12153472
11938374
12082333
11899906
8744088
7341383
9620551
9538294
7954241
7410332
6752151
8462534
7254348
7414854
8290782
10522763
7602380
7841185
7040870
10008175
6192162
11042125
9499167
9716954
10020984
7273433
8844696
11044986
10950379
8953267
8700978
9519406
9791693
10866552
10283758
9585125
12024822
8436734
8505022
7184605
10647226
7602790
8435813
11000315
6450962
8944146
9449563
7142570
7969201
9625592
8677114
7427794
7289019
7307963
8599801
6175133
6049233
7327037
9479173
8007873
7417991
6865139
9260428
6574551
6591159
9390833
7761664
12018231
10617318
9319639
10863560
10666605
10085265
9515650
8506644
11351468
9945428
8676373
7808308
7857387
8495179
6705561
10758209
9358977
8509159
8739222
7110339
10634804
10037555
9266165
9077412
10280112
11949489
7668782
9493402
12097028
7465254
9370187
6763320
12376088
9676658
9379586
10344301
9088754
10262913
9908869
12912373
12209586
10460907
9901146
9801058
9581382
9505194
9555855
9591386
9646796
8219210
9960826
7782323
7086150
7095710
11725782
9462867
4946579
9916966
5616577
6589987
9683185
8487797
7248843
9553190
7745747
9140652
6324966
5256195
8584003
6110406
6443794
5062945
6824739
4922670
5675411
9328842
7033720
7562229
8862510
6243536
7251046
6906511
8270755
5470811
7227352
6689783
5588314
6053379
7145504
4337370
6662592
8662560
5885154
11735094
14486442
5303801
4382554
4141474
5064449
5008904
5750554
5721200
6662831
6196800
8816557
8848113
9786705
10754491
10939620
9098729
9226621
10552702
7996253
5616875
8076198
9261306
9409237
8050171
9192511
6419456
8855553
7011359
9666627
9228937
8849173
9324941
12399682
10801044
11564681
8867299
10857497
9053112
8837427
9575323
6037217
9882707
9567458
9274396
9510245
9999823
10088545
10995350
8978390
8870965
9057841
10470549
11216033
9617999
8873847
7973549
9653138
9580824
7571561
7311320
8062601
7046418
10085083
8770846
10610640
11287180
10131562
7653115
9477112
9466632
9395497
9282613
8787468
7672954
8548103
6316309
5671078
6756255
5371139
5803599
6696073
8947478
7596705
9479418
10712375
8372979
8902556
8540385
7277327
6759600
8781993
6385166
9101086
6947465
8377790
8718708
12674496
10833699
10764145
10217427
9265372
10525266
10858717
12422268
9624080
11292518
9371706
12150340
7664814
avg: 9006496
