102903
96425
113371
121012
100031
93138
84918
88255
83602
91343
82685
86394
156252
156606
152539
136120
123675
121265
183467
126673
121561
125888
141800
143974
153904
109976
105989
114084
111812
113511
120568
136383
129451
167165
117542
121359
110177
128558
130048
170320
133572
147587
121763
150965
123300
116672
126483
124767
167243
146846
108012
106317
116576
99658
103757
102279
94701
99416
94344
133494
121416
115422
128482
148024
105333
104775
103561
117652
96275
89169
87357
82571
83672
80434
82211
81015
89882
83730
85701
75431
80066
75485
74286
77847
76673
81092
81751
75595
76155
88294
78039
82826
79367
86630
80570
77111
77341
83888
76534
76110
76439
90200
77141
75562
79497
79959
93999
84001
80572
79327
86966
79799
85953
81411
88093
78585
81592
78324
129311
78550
79929
85501
86745
87544
80094
86975
87103
84726
79798
83396
80634
86189
83721
98545
85598
97011
92816
84709
126778
131726
85049
87391
82606
107467
90848
86493
81891
124745
95622
84711
88846
91263
92986
138413
87746
82687
91075
86653
86673
88417
99358
90822
89871
88152
101654
90384
99168
91700
89593
94806
90813
87639
89308
97560
90631
90429
89943
95538
89425
89316
89874
100931
87351
88409
99009
100690
93392
98850
96199
92531
109640
93416
92379
98194
114423
94072
103263
91595
127030
92924
93921
91869
95198
91412
93870
93380
100208
91667
92439
110580
100035
111202
102846
100576
181421
125790
186398
126008
116430
106468
98919
100264
99180
109295
101016
100897
98101
105127
103151
100795
107753
103984
98666
106112
99338
99851
107411
99676
100267
100023
104272
99045
100437
103786
107435
109884
101045
97693
109203
101310
102880
101477
105922
117085
100017
99121
97134
108017
99288
99650
107763
107864
101260
107272
105884
105346
98606
98306
101411
112545
101089
101534
212689
131036
137026
124124
119558
122243
118719
117047
116662
147269
120631
120181
115359
117971
130658
119266
116195
116054
117682
122011
117215
117091
117088
160849
120568
119016
118174
121336
124222
131118
135088
118242
115780
115752
115961
118891
108273
114333
111731
119324
120135
108958
110422
106304
117965
108388
178992
127576
135647
124571
129676
122512
121972
114408
112351
110287
110480
125087
111736
129799
119858
121109
126770
118989
116795
127332
117901
127649
123598
120515
120668
125463
118708
118247
123842
115087
116873
160742
121283
116662
119561
117157
140940
128108
109575
107268
105956
107784
105145
107107
107476
107852
109304
124981
110475
109379
106617
117092
106658
118458
108484
107647
113065
121352
108147
108201
100486
107571
104066
100687
101230
107363
110942
104858
99166
106788
100667
98553
101717
102122
106321
99861
100063
101477
106917
98233
99136
112288
105486
100458
102906
100627
107463
101721
100950
100075
107058
98275
99261
102355
101030
107675
111360
102719
101132
106941
100682
101258
104869
103561
99527
105805
99973
108220
100269
102774
97447
115505
100732
104223
99829
100347
109194
102357
101936
101011
109357
100398
100307
100079
108278
98065
109020
108645
106550
101704
102127
100251
110704
101128
100567
101956
94478
178228
112632
93434
94689
109520
93915
96860
97997
102464
94143
106401
93673
99229
94232
92645
92082
96263
93833
98534
101763
95173
100580
96001
96062
91417
95758
107906
94210
91105
99729
94923
91777
92335
97501
101760
94206
90486
100440
94462
94816
95650
92397
98029
96534
95465
91847
99073
93610
91096
111238
104225
98326
98986
95945
105813
117937
118387
99884
105668
101110
99713
98384
117174
127814
110197
106097
100905
108735
105152
100697
99385
107713
99355
102172
102291
102052
99815
97700
112160
104438
105211
101347
101655
131231
110319
101977
107531
102651
108468
100279
99902
101915
105792
98677
101044
98694
108888
98100
103008
101906
102691
104457
114197
102192
98657
107214
101694
102601
100939
107435
100642
101918
100817
105490
99473
110748
107667
108971
101008
123544
100246
104065
100653
99848
99524
100070
115621
101677
97475
100634
106533
105342
98336
99365
101005
98032
98902
189642
128841
140009
126678
126040
120409
122870
123566
120736
163701
123057
117842
127177
121194
130651
124116
127716
121552
125684
119128
125354
121967
121088
121111
128818
120536
121163
123369
127372
133462
123415
109236
112700
114903
108497
108288
111993
117384
106819
108361
109552
118853
110285
110071
115764
133073
110806
105878
106250
111911
107118
110491
108209
111182
108298
110980
107940
108494
110012
114466
104780
104532
114682
108631
111591
111836
115244
102847
105073
106571
113555
108389
108091
109492
124425
107472
105077
108174
107412
124700
100773
102957
100530
115962
104386
102268
99038
103692
101003
110819
100025
106078
101763
106993
99231
103972
99823
101610
102281
102314
103595
99414
99387
102342
117524
103036
102904
100774
112795
99964
99231
109366
124040
102311
103173
100943
107884
106951
98439
108260
106176
107609
178401
102187
97575
104035
103068
98524
126299
126056
96226
115324
102023
104305
100006
97762
98899
102041
97580
99679
98228
114828
102470
108001
97302
103797
105610
101934
104392
99163
108621
112412
101755
102351
108255
99003
99425
110228
116105
101149
106581
106316
102084
103708
98024
112763
101889
108371
107725
100186
101618
109515
100791
109166
97660
102111
99131
102972
101031
105406
176239
102850
98103
98600
105756
99951
100418
98326
118380
105442
104531
103339
99873
97883
97318
97379
105665
101446
100276
100984
108462
100829
96213
105442
97677
102707
97414
99660
98536
105303
102886
100827
99299
107508
99223
98501
96769
103327
108663
113167
107790
107583
99865
100300
99969
103797
105751
98913
101258
208588
106697
97679
103089
99626
98049
100638
109615
102461
111112
103131
102965
99841
99439
103568
101272
101759
101931
100771
118610
99550
118789
127953
114843
122785
118394
118631
115904
139304
120434
117604
118944
120211
121119
118804
122039
121843
154296
127755
120833
122504
130654
117345
109377
106644
105850
108838
113110
106062
105497
112486
106816
118393
109069
107706
116133
216001
110236
108316
107055
108289
105731
109432
109237
108902
112991
109563
108633
108161
109377
135112
112498
110722
109442
173047
113542
119759
114636
112453
112302
110987
108549
175360
126373
144446
121887
126160
123333
122657
119132
124104
120737
130752
120074
125643
119514
132592
122252
121197
122071
117720
119886
119032
119354
125819
124937
129849
120802
119776
118848
119929
131634
123374
121830
142731
128181
102833
101033
98620
97148
107512
101392
101160
101082
132111
102556
107187
100482
120514
98731
100917
101867
101552
101061
107456
104255
102419
103628
99283
98291
100037
103392
92847
92893
93951
98179
94610
94572
93684
93043
87737
92175
93719
93849
91774
93141
115221
95340
91329
96511
92382
91158
93914
90085
91978
92565
92289
98518
94700
92560
93715
95880
86890
92317
87198
87380
91818
89299
88187
avg: 107170
