345395
482154
504021
499352
449141
472872
468248
364024
413981
382449
422874
320555
478867
424424
506726
403409
354904
389756
361070
378686
376162
368435
321148
399578
384915
481582
405753
490206
350693
324959
433390
336394
376248
295760
370411
364569
316907
283406
399055
319900
401643
422368
429569
389391
421319
278704
400250
348073
331823
395038
330601
369698
373492
352080
327434
374664
395177
354713
305397
464065
342946
356726
352387
285959
347956
365314
318700
356594
331906
341798
416533
409560
395320
347109
336266
345116
469611
325844
299659
425460
299504
320610
361650
386338
364002
364023
424020
397137
329383
318997
387949
406802
400488
341787
396225
413818
306266
404085
355546
453785
431436
430145
419630
310020
439456
385627
412300
461200
293675
444768
308456
485588
419931
374120
463068
393886
384249
393959
371498
371045
332695
415897
386709
365389
417195
372347
429794
439942
374468
387939
372643
325588
382167
356914
347067
367564
375018
355441
343062
353110
322487
329242
338868
332421
359084
354100
305626
452439
440348
435281
324563
314189
307918
346727
325104
339392
436171
410084
436450
437256
433594
324435
317659
325385
320103
395777
334815
434208
430394
436781
434152
316542
307041
305538
337982
401497
380524
380700
341107
441393
417020
455651
315978
306802
361770
329346
398824
435942
434501
443916
466112
431869
331908
313631
393202
397016
335560
434445
431414
437864
436666
436688
323280
315694
338959
397655
393180
343506
436528
435841
435788
326203
316936
308050
304146
368310
395544
433316
346266
428086
434871
436510
318567
360165
378242
347506
390779
455589
374241
330460
375932
436020
352971
328436
327254
460314
392468
388118
436305
439285
452179
464162
328581
313282
307003
394850
395800
455994
333099
434437
431170
448815
427638
327877
311467
336591
404629
398197
436921
439297
368015
454568
380470
325238
319831
425019
389152
452259
389423
441985
435935
437787
434457
331006
328285
361187
395299
435791
355353
437488
454868
432606
430561
442821
334600
359910
366939
446269
336549
435590
436510
433118
448406
326802
314403
403100
338154
433462
331413
436526
443878
474041
434882
329625
312148
431170
397284
436538
435121
385871
441071
320786
322193
312132
316303
354584
394680
436775
394828
433337
334875
434205
436444
333808
311568
342220
397841
440219
329194
434190
434353
433792
325411
312609
305424
302486
492840
326788
392779
385654
434291
340588
315972
302459
304676
310167
302421
321277
414163
442374
447251
472890
358295
431318
436634
324019
314010
331009
395386
445505
436957
436911
328192
391859
432102
323667
312886
329623
387693
429740
437855
436096
336905
434545
437508
329135
313643
340808
395998
435372
435401
439537
432825
431440
325328
311131
317611
349201
389392
432061
433583
449429
327028
323291
303066
396353
321970
311889
467583
409344
442707
387941
331451
343060
447468
441089
346694
477262
461935
524444
451543
447850
352002
399683
440207
328664
320252
435252
399220
444623
447304
441758
446280
329942
436386
325133
338638
392763
392711
340931
435612
434588
436803
431821
324703
322742
305496
423155
393806
392212
436802
445442
332138
430913
335034
385470
323716
462012
382340
442285
443164
445493
462400
328924
432733
322449
343040
396542
396933
431984
434447
433418
434340
323466
329282
308635
308000
417165
396363
448869
441456
326974
454783
471424
325362
334543
461565
419221
433264
446783
449654
465355
467312
329773
334709
318699
351701
395681
432246
433636
435287
432349
441008
321224
333830
334172
368207
399713
450499
444412
445196
444687
347783
453606
336914
340928
335670
418872
455195
445798
442562
477414
440951
336306
345863
374286
430189
433490
450938
457125
438367
348079
446947
331284
337497
348540
407206
439720
449782
445695
445615
331226
335743
317077
322270
343706
406624
450833
443497
392968
404320
351550
342747
464523
333447
411176
404679
465134
438002
452203
298109
320842
341324
314442
315201
421139
356317
400177
441610
384544
299773
325184
311051
311456
310264
316945
311811
413172
405613
455797
454205
318355
299850
303589
383524
309777
297235
370202
395295
400452
453757
325380
424476
322360
312132
322796
304627
300406
344700
395524
459789
435444
435805
436154
355448
299617
301638
312638
302720
301882
393466
438365
430216
437102
377808
290625
287418
294539
278352
280645
302545
414851
452930
377992
384650
301279
282284
281931
283324
294126
281021
282233
328783
397579
447139
442602
449935
435826
263305
245412
245255
254483
242997
254884
256169
383949
427416
454379
441545
426322
423516
333669
311413
303589
324307
387460
472218
425168
355970
333996
421670
457232
329095
326046
301447
440882
320226
432741
422291
426250
430525
435149
316297
305711
308902
336879
386714
429955
425357
382875
428289
351852
430374
332878
328143
353133
387845
430260
429307
430346
433017
449989
332365
313673
312139
352114
409280
415781
387535
435125
444513
398376
437206
436063
442514
330147
418149
441800
450333
437467
329150
315878
324260
305900
301715
333307
395243
445559
396840
445902
441133
326237
303125
300328
310567
315900
446267
406885
449612
445438
440003
441323
431624
344909
313274
323101
396143
475325
435442
438786
429470
428456
325383
309898
304231
318250
406863
397972
435860
451104
442816
314091
304263
313429
328524
393182
328419
416437
444463
440571
434765
426778
313426
302078
319720
304985
343251
395449
405910
450880
443863
436424
312400
325480
302788
305013
302305
339987
396654
441296
438808
449524
443110
315979
345279
313835
314118
376505
392715
477865
432914
404141
435876
315020
300170
308095
318022
301597
314907
391296
464355
434584
434081
430728
320042
319284
302924
305290
303190
423820
410785
432955
410487
400804
434950
437579
325096
312954
327697
451567
391629
436221
432498
435553
434854
325559
312102
327687
305407
399373
419719
417904
434884
458019
436856
467866
386893
335216
352241
396430
463385
427137
433596
322690
312972
330770
312387
305866
301982
328919
408258
438140
427340
429155
461887
423456
353518
380071
322498
326515
394677
440413
442095
464084
310168
302074
405944
446725
384650
339738
399064
451392
438573
450347
391161
396043
442496
328133
312780
336142
391556
447298
454935
440803
431886
436201
329604
315269
327044
367334
403827
439584
452078
438060
455857
355863
437475
338144
313781
342108
399960
437423
432790
441532
449907
321015
307892
306580
326742
334340
394014
467084
437157
432208
436560
360649
431990
335703
312391
340095
409389
407403
438901
385145
459720
352371
332866
310973
304967
302504
446579
413485
347406
433036
428713
442977
341950
432203
316584
324891
327730
393159
434674
441788
348629
438653
430840
324993
331677
305191
379031
320388
435002
453746
437571
430816
426257
435519
323945
314417
370365
390033
442252
466322
344385
358016
456054
325925
313076
308935
357160
402682
418986
436308
440149
349152
436679
452435
323601
319966
328384
396711
398460
437147
382252
434359
449856
321672
315880
310293
323248
329309
398126
445886
434581
436409
340495
318946
437200
321953
380282
484643
409943
431600
452632
439391
447164
348936
443364
321651
avg: 382871
