124275
65012
43729
43149
42474
43347
40775
42133
41645
43314
41114
41886
40959
42212
41415
41679
41651
42455
40788
41775
41314
42857
40979
41597
41877
42442
40533
42520
41644
42463
40595
42045
41197
42172
40515
41735
41994
42939
41392
42256
41355
41904
40765
41668
40887
42697
40643
41708
41698
42432
41062
41606
41423
42377
41514
42726
41266
42214
40616
41780
41563
42465
40765
41740
41172
43240
40806
42079
41518
42438
40714
42453
41050
42385
40523
42004
41016
43020
40572
41791
42056
42854
40312
42214
41393
41906
40262
42176
40878
42334
40816
41978
40783
41683
40483
41982
47265
43458
41114
42341
41454
42081
41230
41946
40849
49632
41549
42102
41858
42092
40250
42129
40894
42945
40486
42102
40391
42235
40790
41823
40680
42108
40559
41828
40834
42035
40113
41850
44699
43420
41254
46001
41232
43124
40799
43039
41263
42423
41111
41957
40579
42137
40507
41640
40681
42542
40532
41796
40486
42370
40307
41936
40880
41736
40395
41675
41459
42059
40374
42069
40383
42236
40089
42810
41618
42528
40568
41751
40580
41894
40548
41848
40571
42179
40234
41792
40696
42044
40245
41803
40863
41884
40716
42195
41500
41528
40206
42526
40487
41961
42257
48607
41708
42762
40410
55176
28393
29025
28350
29419
28755
29287
27523
29406
28411
28961
28349
28919
28323
29136
27815
29198
28039
29005
27801
29004
28533
29092
27842
28970
27918
28503
28527
29318
28072
29232
28096
29488
28092
28847
27544
36737
34905
22848
22800
23302
22163
23173
22277
23056
22060
23112
21968
22878
22974
23389
22295
23325
22151
22835
21780
22679
22800
22658
21736
22927
24429
24414
22332
23553
22303
22642
21753
23082
22320
22725
22444
22819
21989
22954
22327
23341
22727
22936
21916
22887
22082
22707
21857
23041
22108
23460
22257
23279
22777
22407
22329
22817
22161
22576
21752
24023
22555
23104
22126
22775
22080
23166
22231
23632
23009
22798
21857
22785
22452
22737
22356
23473
22689
22829
22153
22805
22186
22470
21879
22768
22263
23663
22459
22882
22244
23230
21888
23064
22660
23241
22094
23613
22731
23168
21773
22868
22018
22895
21865
22928
22851
23474
21909
23210
22436
23318
22065
23337
22001
23111
22046
23103
23423
23229
22002
23309
63587
29423
28550
29477
28439
29140
27855
29319
28029
29084
27840
28830
28000
28778
28414
29831
29055
29417
28573
28648
28019
29068
28134
29036
27736
29431
28841
29287
28209
28716
28405
28900
31764
29675
28097
29265
27900
28819
28177
29313
27856
36990
22660
23069
22123
22820
22681
22698
21866
22659
22251
22677
21997
22967
22052
22548
22070
24212
22149
22876
22524
22657
22480
22934
21931
23119
22225
22749
22593
22835
22410
22886
22082
22823
22760
22703
21871
22590
22123
22935
21947
23442
22785
22934
22205
22749
22097
22842
23011
22845
22261
22841
21922
22503
22023
22737
22139
23211
22340
22817
21943
22908
22093
22657
21864
22711
21996
23678
22561
22564
22624
41370
23753
24397
23547
24408
24452
24583
23629
24282
23821
24115
23949
24097
23464
23705
23851
24319
23362
24276
23543
25292
23815
24663
23460
24200
23485
24383
23669
24407
23311
24027
23428
24581
23410
24012
23623
24054
23215
23966
23473
25893
23722
24064
23685
24145
23893
24173
30299
46045
30602
29234
28103
28736
28106
28600
28261
29014
28155
28645
28255
29990
28051
28392
28161
28793
28006
28911
28038
28472
28134
29292
28852
28783
27727
29077
28649
29312
28420
29086
28957
28835
27913
28631
28859
29387
27832
28775
28241
29297
36940
22680
22108
22808
22493
23911
22131
22977
22231
22522
30357
23068
22143
23018
22171
22608
21751
22334
22067
23468
21844
22650
21927
22853
21959
23251
22499
22711
21659
22698
22387
22762
21740
22764
21976
22568
21868
28764
21973
22528
21918
22679
22040
22725
22131
22643
21929
22508
21783
22659
22533
22929
21850
22829
22224
22393
22003
22848
21915
23283
21848
23368
22066
22834
28175
22856
21943
22660
21912
22630
21902
22358
22003
22824
21852
22692
21912
22883
22174
22421
21787
22681
22394
22445
21694
22952
21850
22410
24515
23127
21940
28957
22020
22776
21790
22839
21864
23061
22642
23382
22299
22592
22158
23015
21962
23184
21881
22556
21749
23613
21969
22564
21823
23042
21980
22440
22199
22707
27964
22672
22188
48659
28367
29033
27911
29189
27997
29112
27554
28892
27983
28563
27463
28964
27942
29285
27586
29359
28777
28428
27617
29124
27966
28473
27393
35518
28252
28588
27879
28808
27889
28490
27861
29352
28177
28707
27756
29153
28489
28744
27784
29485
27854
35525
21796
22880
22110
22463
22052
22806
22048
22936
29016
22886
22267
22864
22405
22636
22655
38529
21890
22681
22048
22453
22069
22784
22135
22318
21911
22879
21897
22497
22945
22724
22132
23600
22207
23674
22140
28713
21920
22725
22321
22376
21824
22629
22056
22719
21701
22917
21944
22355
21605
22875
22276
22689
23223
23643
22383
22382
22200
23050
22110
23019
21911
22686
27568
22397
21726
22937
21986
22253
21884
23240
21923
22504
22248
23021
21930
22448
22049
22848
21907
22478
21817
22529
21964
22384
21950
22722
22521
22523
21655
28433
22180
22416
22832
22644
22677
22723
21954
22748
22179
22139
22104
23179
21928
22904
22335
22669
22246
23792
21961
22727
21649
22976
21714
22793
22004
22292
28189
23334
26366
23864
44446
29432
27770
28661
27871
29676
28046
28487
28235
29189
27625
28721
28085
28993
27759
28746
27869
29460
27773
28758
27725
28999
27885
35243
27861
28858
27714
29355
27729
29100
27912
28635
28209
29279
27882
29052
28087
29325
27894
28642
27710
29171
28722
28578
28465
28924
27814
28573
27599
28991
44758
23944
23443
24558
23254
24043
23462
24249
23246
23674
25080
24577
23202
24387
23616
24272
23134
23974
23289
24164
23316
23969
23499
24018
23259
23819
23395
31371
23323
23972
23238
24910
24060
23853
23358
24094
23802
24011
23498
24125
23651
23851
23314
24352
23580
24849
23245
24003
23619
23647
23275
24037
23529
24008
29223
24396
23292
24500
23530
24585
23825
23760
23304
24060
23187
24748
23368
24746
23402
24164
23336
23871
23116
23834
23471
24468
23220
33679
21773
22964
21947
28777
22084
22827
22530
22717
40532
24071
23141
23872
23367
24208
23301
23969
23328
24235
23185
24221
23334
24039
24828
23921
45798
29430
28315
28764
28270
29271
34983
29245
28512
29128
27693
28337
avg: 28309
