            CPU0       CPU1       CPU2       CPU3       CPU4       CPU5       CPU6       CPU7       CPU8       CPU9       CPU10      CPU11      CPU12      CPU13      CPU14      CPU15      
   0:         17          0          0          0          0          0          0          0          0          0          0          0          0          0          0          0  IR-IO-APIC    2-edge      timer
   8:          0          0          0          0          0          0          0          0          0          0          0          0          0          0          0          0  IR-IO-APIC    8-edge      rtc0
   9:          0          0          0          0          0          0          0          0          0          0          0          0          0          0          0          0  IR-IO-APIC    9-fasteoi   acpi
  17:          0          0          0          0          0          0          0          0          0          0          0          0          0          0          0          0  IR-IO-APIC   17-fasteoi   hpilo
  24:          0          0          0          0          0          0          0          0          0          0          0          0          0          0          0          0  IR-PCI-MSI 458752-edge      PCIe PME
  25:          0          0          0          0          0          0          0          0          0          0          0          0          0          0          0          0  IR-PCI-MSI 466944-edge      PCIe PME
  27:          0          0          0          0          0          0          0          0          0          0          0          0          0          0          0          0  IR-PCI-MSI 8388608-edge      PCIe PME
  29:          0          0          0          0          0          0          0          0          0          0          0          0          0          0          0          0  IR-PCI-MSI 50331648-edge      PCIe PME
  31:          0          0          0          0          0          0          0          0          0          0          0          0          0          0          0          0  IR-PCI-MSI 50364416-edge      PCIe PME
  33:          0          0          0          0          0          0          0          0          0          0          0          0          0          0          0          0  IR-PCI-MSI 92274688-edge      PCIe PME
  35:          0          0          0          0          0          0          0          0          0          0          0          0          0          0          0          0  IR-PCI-MSI 92307456-edge      PCIe PME
  36:          0          0          0          0          0          0          0          0          0         32          0          0          0          0          0          0  IR-PCI-MSI 532480-edge      ehci_hcd:usb1
  37:          0          0          0          0          0          0          0          0          0          0          0        282    1545619          0          0          0  IR-PCI-MSI 327680-edge      xhci_hcd
  38:      14451     215699      34177     578897      31519     455794     112540     253388     187798    1681484      71017     752194     246929     279135     633677      22567  IR-PCI-MSI 376832-edge      ahci[0000:00:17.0]
  56:          0          0          0          0          0          0          0          0          0          0          0          0          0          0          0          0  DMAR-MSI    2-edge      dmar2
  57:          0          0          0          0          0          0          0          0          0          0          0          0          0          0          0          0  DMAR-MSI    1-edge      dmar1
  58:          0          0          0          0          0          0          0          0          0          0          0          0          0          0          0          0  DMAR-MSI    0-edge      dmar0
  59:          0          0          0          0          0          0          0          0          0          0          0          0          0          0          0          0  DMAR-MSI    3-edge      dmar3
  82:         44    5068185          0    2054388     120360     756233    1284157     652867    7585688    1058518    5912399    3685666    3624973    2080580    3910594          0  IR-PCI-MSI 8912896-edge      ens1-TxRx-0
  83:          0         43          0      49800          0    3045746    1661972     121874    2012337     140891      52010     100489     154356       5585     130920   21720602  IR-PCI-MSI 8912897-edge      ens1-TxRx-1
  84:    3215649          0    2985024     546695          0    1054094          0    3051358     378843    2161844    5591418    1290214     944932    2578029    3948328    3010174  IR-PCI-MSI 8912898-edge      ens1-TxRx-2
  85:     690766      97208          0     217038     921340    1982253          0    3214567    7953171    1439088     367519    2515219    3460318    4022409    2946511    3753353  IR-PCI-MSI 8912899-edge      ens1-TxRx-3
  86:          0    3979728    1103909    1903753     536478    2348837    1265617    5180596    1900652    2986708    1925505    2137707    2787401    2176961    2131614       1408  IR-PCI-MSI 8912900-edge      ens1-TxRx-4
  87:          0      20711       6384    6963020          0     618767     761303    2951860    2910657    4309621    2040776    6226959     862071    1824843    2720486      14533  IR-PCI-MSI 8912901-edge      ens1-TxRx-5
  88:   11063540      15832       1305    4466124        149     576707    3360387    5341569     112043     445720        516     302353    1473985     161203     301476          0  IR-PCI-MSI 8912902-edge      ens1-TxRx-6
  89:          0     627977    8019235    2148313          0    4106260    3433953     659002     312600    2324983    2800673     999098    2608421    2407576     968727      40977  IR-PCI-MSI 8912903-edge      ens1-TxRx-7
  90:          0          0          0    3395509    2458966    6089476    2432851     268129     658060     951251    1747561    1909011    2677950    1452244    1052301          0  IR-PCI-MSI 8912904-edge      ens1-TxRx-8
  91:          0          0          0      36388    6334306     232825    3951299     122041     129183    3155486    2265212    3382525     710418    5794333     836153     135016  IR-PCI-MSI 8912905-edge      ens1-TxRx-9
  92:          0   10210258          0     188288    7382156    1722428     662654     262687         73    2967828       1097    1006398     661059    2491853    1148161     554461  IR-PCI-MSI 8912906-edge      ens1-TxRx-10
  93:          0    7331641       2021    2706572          0     954400       1576    2694744     156438    3859585    1204009     814392    5114409    2342897    3797450          0  IR-PCI-MSI 8912907-edge      ens1-TxRx-11
  94:   13536044     139244   11187330      83299     326063       4933      79597    2740359          0     151979     104074     121483      24146       9668       8127          0  IR-PCI-MSI 8912908-edge      ens1-TxRx-12
  95:          0    2600882    1769164    2509817    7892518    3342077          0     362821    2070146    1018793    5088031     952631     705079     154778    2468688          0  IR-PCI-MSI 8912909-edge      ens1-TxRx-13
  96:       7556          0    1418444    1853243    3557253     637549    7075573     472699    2252039    1245146    2592129    2423259    1582800    2209289     576501     156850  IR-PCI-MSI 8912910-edge      ens1-TxRx-14
  97:          0     168295    1948311     817067          0    2210852     371151    2824893    1838118    2445482    1080738    4038863    4015664    1789688    3776271        110  IR-PCI-MSI 8912911-edge      ens1-TxRx-15
  98:          0         13          0         13          0         14          0          0          2          0          2         11          7          2          6          0  IR-PCI-MSI 8912912-edge      ens1
 100:          0          0          0          0          0          0          0          0          0          0          0          0          0          0          2          0  IR-PCI-MSI 65536-edge      ioat-msix
 102:          0          0          0          0          0          0          0          0          0          0          0          0          0          0          0          2  IR-PCI-MSI 67584-edge      ioat-msix
 103:          0          2          0          0          0          0          0          0          0          0          0          0          0          0          0          0  IR-PCI-MSI 69632-edge      ioat-msix
 104:          0          0          2          0          0          0          0          0          0          0          0          0          0          0          0          0  IR-PCI-MSI 71680-edge      ioat-msix
 105:          0          0          0          2          0          0          0          0          0          0          0          0          0          0          0          0  IR-PCI-MSI 73728-edge      ioat-msix
 106:          0          0          0          0          2          0          0          0          0          0          0          0          0          0          0          0  IR-PCI-MSI 75776-edge      ioat-msix
 107:          0          0          0          0          0          2          0          0          0          0          0          0          0          0          0          0  IR-PCI-MSI 77824-edge      ioat-msix
 108:          0          0          0          0          0          0          2          0          0          0          0          0          0          0          0          0  IR-PCI-MSI 79872-edge      ioat-msix
 NMI:       2374       2743       3015       3062       2822       2958       2956       3036       2797       2654       2715       2644       3007       2482       2497       2484   Non-maskable interrupts
 LOC:   46607090   45584055   44918207   45293043   45989801   46350788   46062681   45869470   49668921   45857610   46269611   45414353   45539127   46307254   46316690   44314820   Local timer interrupts
 SPU:          0          0          0          0          0          0          0          0          0          0          0          0          0          0          0          0   Spurious interrupts
 PMI:       2374       2743       3015       3062       2822       2958       2956       3036       2797       2654       2715       2644       3007       2482       2497       2484   Performance monitoring interrupts
 IWI:     717779     683130     670989     662918     670040     666615     649150     652830     615638     635713     648624     659309     654563     656978     654395     657263   IRQ work interrupts
 RTR:          0          0          0          0          0          0          0          0          0          0          0          0          0          0          0          0   APIC ICR read retries
 RES:     349516     355378     339378     335897     344948     348692     333820     350367     348527     319492     346033     339367     395104     309295     311577     346782   Rescheduling interrupts
 CAL:   11562246    9918747    9332436    9253139    8997095    9245505    9217471    9315161    9102546    8902018    8607521    8386246    8518870    8205494    8414141    8316791   Function call interrupts
 TLB:    2080312    2485042    2505744    2633670    2546440    2720460    2683965    2821790    2572103    2685005    2457619    2251042    2392915    2132307    2331108    2161207   TLB shootdowns
 TRM:          0          0          0          0          0          0          0          0          0          0          0          0          0          0          0          0   Thermal event interrupts
 THR:          0          0          0          0          0          0          0          0          0          0          0          0          0          0          0          0   Threshold APIC interrupts
 DFR:          0          0          0          0          0          0          0          0          0          0          0          0          0          0          0          0   Deferred Error APIC interrupts
 MCE:          0          0          0          0          0          0          0          0          0          0          0          0          0          0          0          0   Machine check exceptions
 MCP:       1968       1968       1968       1968       1968       1968       1968       1968       1968       1968       1968       1968       1968       1968       1968       1968   Machine check polls
 ERR:          0
 MIS:          0
 PIN:          0          0          0          0          0          0          0          0          0          0          0          0          0          0          0          0   Posted-interrupt notification event
 NPI:          0          0          0          0          0          0          0          0          0          0          0          0          0          0          0          0   Nested posted-interrupt event
 PIW:          0          0          0          0          0          0          0          0          0          0          0          0          0          0          0          0   Posted-interrupt wakeup event
